Tom    10-5  =>  80  => 1680 => -18 =>  1668
Ave    9-6   =>  48  => 1648 =>  24 =>  1672 =>  32 => 1704
Seth   9-6   =>  48  => 1648 => -16 =>  1632
Scrib  8-6-1 =>  40  => 1640 =>  26 =>  1666 => -16 => 1650
Dave   8-7   =>  16  => 1616
Phipps 8-7   =>  16  => 1616
Oak    7-8   => -16  => 1584
Keith  6-8-1 => -24  => 1576
Bill   6-9   => -48  => 1552
Morgan 3-12  => -144 => 1456

1.)  Ave    1704
2.)  Tom    1668
3.)  Scrib  1650
4.)  Seth   1632
5.)  Dave   1616
6.)  Phipps 1616
7.)  Oak    1584
8.)  Keith  1576
9.)  Bill   1552
10.) Morgan 1456
        1     2    3    4    5    6    7    8    9   10   11   12   13   14   15   16   17   18	  19   20   21	 22   23
Dave   1616 1616 1631 1612 1626 1641 1623 1604 1621 1605 1623 1605 1619 1634 1631 1645 1662 1646 1629 1611 1624 1605 1590
Shaw   1600 1585 1602 1621 1603 1621 1603 1620 1632 1647 1629 1644 1631 1649 1662 1644 1656 1672 1683 1662 1646 1660 1674
Ave    1616 1599 1584 1600 1585 1569 1587 1601 1618 1634 1649 1662 1675 1657 1655 1667 1650 1663 1642 1655 1671 1681 1662
Keith  1584 1601 1584 1585 1602 1587 1602 1620 1603 1588 1570 1554 1540 1541 1559 1547 1535 1555 1572 1590 1605 1604 1623
Tom    1600 1583 1598 1599 1582 1598 1616 1599 1582 1564 1581 1597 1584 1569 1556 1572 1559 1575 1558 1545 1532 1522 1508
Kim    1584 1569 1554 1555 1541 1559 1546 1532 1520 1538 1568 1586 1602 1617 1619 1637 1650 1630 1647 1627 1626 1612 1598
Chief  1616 1616 1631 1632 1647 1639 1652 1634 1617 1600 1583 1570 1583 1598 1580 1566 1549 1533 1554 1575 1576 1577 1592
Morgan 1584 1601 1586 1570 1588 1570 1555 1574 1591 1608 1593 1578 1562 1561 1564 1548 1565 1552 1541 1561 1546 1565 1579

Dave   1590 => 1610
Kim    1598 => 1582	Dave   1610 => 1632

Ave    1662 => 1662	Ave    1662 => 1644	Dave   1632 =>
bye
Shaw   1674 => 1674	Shaw   1674 => 1655	Morgan 1629 =>

Morgan 1579 => 1601	Morgan 1601 => 1629
Keith  1623 => 1605

Baseball 1
Dave   1584
Ave    1616
Becky  1616
Seth   1584
Jamie  1584
Billy  1616
Chief  1616
Morgan 1584
Keith  1616
Tom    1584
Scrib  1600
Kendra 1600 
Shaw   1616
Phipps 1584
Guay   1584
Kim    1616
 

